Ka = 2.5;
Gear_red = 1/5.9;
num = 0.0229*Ka*Gear_red;
JM0 = 0;
JM1 = 0.00014;
JM2 = 0.00026;
den0 = [0.000000004686+0.00066*JM0 0.000000561 0.0006035];
den1 = [0.66 (1.37*JM1)+0.00056604 0.0006035];
den2 = [0.66 (1.37*JM2)+0.00056604 0.0006035];
no_load = tf(num,den0);
load_JM1 = tf(num,den1);
load_JM2 = tf(num,den2);